-4.537163078784942627e-01
-3.749244809150695801e-01
-3.284380435943603516e-01
-1.217096805572509766e+00
1.061150550842285156e+00
-1.250349283218383789e+00
1.006915211677551270e+00
-3.862527608871459961e-01
-1.217874646186828613e+00
-2.097229212522506714e-01
-2.495665997266769409e-01
-1.083496451377868652e+00
-5.683392882347106934e-01
1.262165546417236328e+00
-4.917010962963104248e-01
-1.127019524574279785e+00
1.137422680854797363e+00
-3.001970946788787842e-01
-6.573252677917480469e-01
1.243996500968933105e+00
