1.597842574119567871e+00
1.660896182060241699e+00
1.421547412872314453e+00
-1.259177207946777344e+00
-1.289387702941894531e+00
-1.205937504768371582e+00
-1.383358240127563477e+00
1.678870677947998047e+00
-1.290047526359558105e+00
1.629424691200256348e+00
1.636399984359741211e+00
-1.209521055221557617e+00
-1.281118988990783691e+00
-1.283339738845825195e+00
1.565146207809448242e+00
-1.281207561492919922e+00
-1.293792247772216797e+00
1.699733138084411621e+00
-1.259865880012512207e+00
-1.312023520469665527e+00
